DSCH 2.7a
VERSION 22/07/2019 11:32:19
BB(80,-65,134,-40)
SYM  #xor2
BB(95,-60,130,-40)
TITLE 112 -50  #^
MODEL 602
PROP                                                                                                                                                                                                           
REC(0,0,0,0,	)
VIS 0
PIN(95,-55,0.000,0.000)a
PIN(95,-45,0.000,0.000)b
PIN(130,-50,0.090,0.070)out
LIG(103,-43,99,-40)
LIG(107,-43,103,-40)
LIG(123,-50,130,-50)
LIG(122,-48,119,-44)
LIG(123,-50,122,-48)
LIG(122,-52,123,-50)
LIG(119,-56,122,-52)
LIG(114,-59,119,-56)
LIG(119,-44,114,-41)
LIG(114,-41,103,-40)
LIG(103,-60,114,-59)
LIG(109,-47,107,-43)
LIG(103,-60,107,-57)
LIG(107,-57,109,-53)
LIG(109,-53,110,-50)
LIG(110,-50,109,-47)
LIG(99,-60,103,-57)
LIG(103,-57,105,-53)
LIG(105,-53,106,-50)
LIG(106,-50,105,-47)
LIG(105,-47,103,-43)
LIG(95,-55,104,-55)
LIG(95,-45,104,-45)
VLG  xor xor2(out,a,b);
FSYM
SYM  #light1
BB(128,-65,134,-51)
TITLE 130 -51  #light
MODEL 49
PROP                                                                                                                                                                                                           
REC(129,-64,4,4,r)
VIS 1
PIN(130,-50,0.000,0.000)out1
LIG(133,-59,133,-64)
LIG(133,-64,132,-65)
LIG(129,-64,129,-59)
LIG(132,-54,132,-57)
LIG(131,-54,134,-54)
LIG(131,-52,133,-54)
LIG(132,-52,134,-54)
LIG(128,-57,134,-57)
LIG(130,-57,130,-50)
LIG(128,-59,128,-57)
LIG(134,-59,128,-59)
LIG(134,-57,134,-59)
LIG(130,-65,129,-64)
LIG(132,-65,130,-65)
FSYM
SYM  #clock2
BB(80,-48,95,-42)
TITLE 85 -45  #clock
MODEL 69
PROP   20.000 20.000                                                                                                                                                                                                       
REC(82,-47,6,4,r)
VIS 1
PIN(95,-45,1.500,0.070)clk2
LIG(90,-45,95,-45)
LIG(85,-47,83,-47)
LIG(89,-47,87,-47)
LIG(90,-48,90,-42)
LIG(80,-42,80,-48)
LIG(85,-43,85,-47)
LIG(87,-47,87,-43)
LIG(87,-43,85,-43)
LIG(83,-43,81,-43)
LIG(83,-47,83,-43)
LIG(90,-42,80,-42)
LIG(90,-48,80,-48)
FSYM
SYM  #clock1
BB(80,-58,95,-52)
TITLE 85 -55  #clock
MODEL 69
PROP   10.000 10.000                                                                                                                                                                                                       
REC(82,-57,6,4,r)
VIS 1
PIN(95,-55,1.500,0.070)clk1
LIG(90,-55,95,-55)
LIG(85,-57,83,-57)
LIG(89,-57,87,-57)
LIG(90,-58,90,-52)
LIG(80,-52,80,-58)
LIG(85,-53,85,-57)
LIG(87,-57,87,-53)
LIG(87,-53,85,-53)
LIG(83,-53,81,-53)
LIG(83,-57,83,-53)
LIG(90,-52,80,-52)
LIG(90,-58,80,-58)
FSYM
FFIG example
